# This file may be used to create an environment using:
# $ conda create --name <env> --file <this file>
# platform: osx-arm64
absl-py=2.1.0=pypi_0
annotated-types=0.6.0=pyhd8ed1ab_0
appnope=0.1.4=pyhd8ed1ab_0
asttokens=2.4.1=pyhd8ed1ab_0
astunparse=1.6.3=pypi_0
brotli-python=1.1.0=py312h9f69965_1
bzip2=1.0.8=h93a5062_5
ca-certificates=2024.2.2=hf0a4a13_0
catalogue=2.0.10=py312h81bd7bf_0
certifi=2024.2.2=pyhd8ed1ab_0
charset-normalizer=3.3.2=pyhd8ed1ab_0
click=8.1.7=unix_pyh707e725_0
cloudpathlib=0.16.0=pyhd8ed1ab_0
colorama=0.4.6=pyhd8ed1ab_0
comm=0.2.2=pyhd8ed1ab_0
confection=0.1.4=py312h49b71ee_0
cymem=2.0.8=py312h9f69965_1
cython-blis=0.7.10=py312h3339331_2
debugpy=1.8.1=py312h20a0b95_0
decorator=5.1.1=pyhd8ed1ab_0
es-core-news-md=3.7.0=pypi_0
exceptiongroup=1.2.0=pyhd8ed1ab_2
executing=2.0.1=pyhd8ed1ab_0
flatbuffers=24.3.25=pypi_0
gast=0.5.4=pypi_0
google-pasta=0.2.0=pypi_0
grpcio=1.63.0=pypi_0
h5py=3.11.0=pypi_0
idna=3.7=pyhd8ed1ab_0
importlib-metadata=7.1.0=pyha770c72_0
importlib_metadata=7.1.0=hd8ed1ab_0
ipykernel=6.29.3=pyh3cd1d5f_0
ipython=8.22.2=pyh707e725_0
jedi=0.19.1=pyhd8ed1ab_0
jinja2=3.1.3=pyhd8ed1ab_0
joblib=1.4.2=pyhd8ed1ab_0
jupyter_client=8.6.1=pyhd8ed1ab_0
jupyter_core=5.7.2=py312h81bd7bf_0
keras=3.3.3=pypi_0
krb5=1.21.2=h92f50d5_0
langcodes=3.3.0=pyhd8ed1ab_0
libblas=3.9.0=22_osxarm64_openblas
libcblas=3.9.0=22_osxarm64_openblas
libclang=18.1.1=pypi_0
libcxx=16.0.6=h4653b0c_0
libedit=3.1.20191231=hc8eb9b7_2
libexpat=2.6.2=hebf3989_0
libffi=3.4.2=h3422bc3_5
libgfortran=5.0.0=13_2_0_hd922786_3
libgfortran5=13.2.0=hf226fd6_3
liblapack=3.9.0=22_osxarm64_openblas
libopenblas=0.3.27=openmp_h6c19121_0
libsodium=1.0.18=h27ca646_1
libsqlite=3.45.3=h091b4b1_0
libzlib=1.2.13=h53f4e23_5
llvm-openmp=18.1.4=hbf6887a_0
markdown=3.6=pypi_0
markdown-it-py=3.0.0=pyhd8ed1ab_0
markupsafe=2.1.5=py312he37b823_0
matplotlib-inline=0.1.7=pyhd8ed1ab_0
mdurl=0.1.2=pyhd8ed1ab_0
ml-dtypes=0.3.2=pypi_0
murmurhash=1.0.10=py312h9f69965_1
namex=0.0.8=pypi_0
ncurses=6.4.20240210=h078ce10_0
nest-asyncio=1.6.0=pyhd8ed1ab_0
nltk=3.8.1=pyhd8ed1ab_0
numpy=1.26.4=py312h8442bc7_0
openssl=3.3.0=h0d3ecfb_0
opt-einsum=3.3.0=pypi_0
optree=0.11.0=pypi_0
packaging=24.0=pyhd8ed1ab_0
pandas=2.2.2=py312h88edd18_0
parso=0.8.4=pyhd8ed1ab_0
pexpect=4.9.0=pyhd8ed1ab_0
pickleshare=0.7.5=py_1003
pip=24.0=pyhd8ed1ab_0
platformdirs=4.2.1=pyhd8ed1ab_0
preshed=3.0.9=py312h9f69965_1
prompt-toolkit=3.0.42=pyha770c72_0
protobuf=4.25.3=pypi_0
psutil=5.9.8=py312he37b823_0
ptyprocess=0.7.0=pyhd3deb0d_0
pure_eval=0.2.2=pyhd8ed1ab_0
pydantic=2.7.1=pyhd8ed1ab_0
pydantic-core=2.18.2=py312hbdaf6d9_0
pygments=2.17.2=pyhd8ed1ab_0
pysocks=1.7.1=pyha2e5f31_6
python=3.12.3=h4a7b5fc_0_cpython
python-dateutil=2.9.0=pyhd8ed1ab_0
python-tzdata=2024.1=pyhd8ed1ab_0
python_abi=3.12=4_cp312
pytz=2024.1=pyhd8ed1ab_0
pyzmq=26.0.2=py312h99b2490_0
readline=8.2=h92ec313_1
regex=2024.4.28=py312h4a164c9_0
requests=2.31.0=pyhd8ed1ab_0
rich=13.7.1=pyhd8ed1ab_0
scikit-learn=1.4.2=py312hd4306f4_0
scipy=1.13.0=py312h9d7df2b_0
setuptools=69.5.1=pyhd8ed1ab_0
shellingham=1.5.4=pyhd8ed1ab_0
six=1.16.0=pyh6c4a22f_0
smart_open=6.4.0=pyhd8ed1ab_0
spacy=3.7.2=py312h6d20652_0
spacy-legacy=3.0.12=pyhd8ed1ab_0
spacy-loggers=1.0.5=pyhd8ed1ab_0
srsly=2.4.8=py312h9f69965_1
stack_data=0.6.2=pyhd8ed1ab_0
tensorboard=2.16.2=pypi_0
tensorboard-data-server=0.7.2=pypi_0
tensorflow=2.16.1=pypi_0
termcolor=2.4.0=pypi_0
thinc=8.2.2=py312h6d20652_0
threadpoolctl=3.5.0=pyhc1e730c_0
tk=8.6.13=h5083fa2_1
tornado=6.4=py312he37b823_0
tqdm=4.66.2=pyhd8ed1ab_0
traitlets=5.14.3=pyhd8ed1ab_0
typer=0.9.4=pyhd8ed1ab_0
typing-extensions=4.11.0=hd8ed1ab_0
typing_extensions=4.11.0=pyha770c72_0
tzdata=2024a=h0c530f3_0
urllib3=2.2.1=pyhd8ed1ab_0
wasabi=0.10.1=pyhd8ed1ab_1
wcwidth=0.2.13=pyhd8ed1ab_0
weasel=0.3.4=pyhd8ed1ab_0
werkzeug=3.0.2=pypi_0
wheel=0.43.0=pyhd8ed1ab_1
wrapt=1.16.0=pypi_0
xz=5.2.6=h57fd34a_0
zeromq=4.3.5=h5119023_3
zipp=3.17.0=pyhd8ed1ab_0
